real.dat <- c( -0.022, 0.097, -0.070, -0.280, 0.076, 0.014, 0.025, -0.093, 
                -0.034, 0.003, -0.324, -0.004, -0.677, -0.118, -0.517)
sim.dat <- c(0.166, 0.168, -0.045, -0.190, -0.050, 0.130, -0.035, -0.128, -0.039,
             -0.083, -0.260, -0.070, -0.748, 0.094, -0.583)
aa <- c( -0.677, -0.517, -0.324, -0.280)
bb <- c(-0.748, -0.583, -0.260, -0.190)
